     1.00000     1.00000    -1.00000     5.05392     0.12044     0.10947     1.00703
     1.01000     1.00000    -1.00000     5.05392     0.12447     0.11307     1.00766
     1.02000     1.00000    -1.00000     5.05392     0.12906     0.11719     1.00823
     1.03000     1.00000    -1.00000     5.05392     0.13395     0.12161     1.00896
     1.04000     1.00000    -1.00000     5.05392     0.13920     0.12636     1.00962
     1.05000     1.00000    -1.00000     5.05392     0.14457     0.13117     1.01038
     1.06000     1.00000    -1.00000     5.05392     0.14997     0.13606     1.01120
     1.07000     1.00000    -1.00000     5.05392     0.15533     0.14085     1.01202
     1.08000     1.00000    -1.00000     5.05392     0.16092     0.14584     1.01290
     1.09000     1.00000    -1.00000     5.05392     0.16625     0.15062     1.01378
     1.10000     1.00000    -1.00000     5.05392     0.17174     0.15553     1.01472
     1.20000     1.00000    -1.00000     5.05392     0.22462     0.20245     1.02495
     1.30000     1.00000    -1.00000     5.05392     0.27368     0.24603     1.03668
     1.40000     1.00000    -1.00000     5.05392     0.31880     0.28649     1.04940
     1.50000     1.10000    -1.00000     5.05392     0.36049     0.32406     1.06287
     1.60000     1.70000    -1.00000     5.05392     0.39951     0.35943     1.07669
     1.70000     3.00000    -1.00000     5.05392     0.43617     0.39240     1.09083
     1.80000     4.00000    -1.00000     5.05392     0.46985     0.42273     1.10522
     1.90000     5.00000    -1.00000     5.05392     0.50213     0.45183     1.11920
     2.00000     5.00000    -1.00000     5.05392     0.53333     0.48044     1.13345
     3.00000     9.00000    -1.00000     5.05392     0.80861     0.72991     1.28618
     4.00000     9.00000    -1.00000     5.05392     1.07439     0.96392     1.46689
     5.00000     9.00000    -1.00000     5.05392     1.34979     1.20250     1.67920
     1.00000     1.00000    -0.90000     5.05392     0.12419     0.11290     1.00606
     1.01000     1.00000    -0.90000     5.05392     0.12769     0.11604     1.00650
     1.02000     1.00000    -0.90000     5.05392     0.13239     0.12026     1.00700
     1.03000     1.00000    -0.90000     5.05392     0.13737     0.12480     1.00759
     1.04000     1.00000    -0.90000     5.05392     0.14253     0.12946     1.00818
     1.05000     1.00000    -0.90000     5.05392     0.14807     0.13446     1.00881
     1.06000     1.00000    -0.90000     5.05392     0.15337     0.13922     1.00949
     1.07000     1.00000    -0.90000     5.05392     0.15870     0.14400     1.01017
     1.08000     1.00000    -0.90000     5.05392     0.16419     0.14893     1.01086
     1.09000     1.00000    -0.90000     5.05392     0.16968     0.15383     1.01165
     1.10000     1.00000    -0.90000     5.05392     0.17513     0.15870     1.01238
     1.20000     1.00000    -0.90000     5.05392     0.22792     0.20562     1.02086
     1.30000     1.00000    -0.90000     5.05392     0.27634     0.24880     1.03034
     1.40000     1.00000    -0.90000     5.05392     0.32006     0.28819     1.04055
     1.50000     1.00000    -0.90000     5.05392     0.36024     0.32472     1.05105
     1.60000     1.50000    -0.90000     5.05392     0.39731     0.35870     1.06184
     1.70000     1.80000    -0.90000     5.05392     0.43161     0.39020     1.07284
     1.80000     3.00000    -0.90000     5.05392     0.46323     0.41919     1.08327
     1.90000     5.00000    -0.90000     5.05392     0.49281     0.44576     1.09403
     2.00000     6.00000    -0.90000     5.05392     0.52068     0.47099     1.10460
     3.00000     9.00000    -0.90000     5.05392     0.74569     0.68221     1.20436
     4.00000     9.00000    -0.90000     5.05392     0.92576     0.84908     1.30177
     5.00000     9.00000    -0.90000     5.05392     1.07781     0.98761     1.39313
     1.00000     1.00000    -0.80000     5.05392     0.12797     0.11641     1.00506
     1.01000     1.00000    -0.80000     5.05392     0.13178     0.11981     1.00543
     1.02000     1.00000    -0.80000     5.05392     0.13603     0.12364     1.00585
     1.03000     1.00000    -0.80000     5.05392     0.14091     0.12808     1.00634
     1.04000     1.00000    -0.80000     5.05392     0.14637     0.13299     1.00676
     1.05000     1.00000    -0.80000     5.05392     0.15172     0.13783     1.00733
     1.06000     1.00000    -0.80000     5.05392     0.15712     0.14269     1.00788
     1.07000     1.00000    -0.80000     5.05392     0.16257     0.14758     1.00843
     1.08000     1.00000    -0.80000     5.05392     0.16808     0.15255     1.00898
     1.09000     1.00000    -0.80000     5.05392     0.17340     0.15734     1.00960
     1.10000     1.00000    -0.80000     5.05392     0.17887     0.16226     1.01022
     1.20000     1.00000    -0.80000     5.05392     0.23171     0.20928     1.01691
     1.30000     1.00000    -0.80000     5.05392     0.27954     0.25205     1.02455
     1.40000     1.00000    -0.80000     5.05392     0.32233     0.29080     1.03253
     1.50000     1.00000    -0.80000     5.05392     0.36139     0.32656     1.04075
     1.60000     1.40000    -0.80000     5.05392     0.39692     0.35943     1.04910
     1.70000     2.00000    -0.80000     5.05392     0.42933     0.38951     1.05710
     1.80000     3.00000    -0.80000     5.05392     0.45952     0.41741     1.06532
     1.90000     4.00000    -0.80000     5.05392     0.48696     0.44295     1.07329
     2.00000     4.00000    -0.80000     5.05392     0.51277     0.46746     1.08073
     3.00000     9.00000    -0.80000     5.05392     0.70719     0.65328     1.14903
     4.00000     9.00000    -0.80000     5.05392     0.84514     0.78706     1.20702
     5.00000     9.00000    -0.80000     5.05392     0.95126     0.88925     1.25653
     1.00000     1.00000    -0.70000     5.05392     0.13290     0.12096     1.00419
     1.01000     1.00000    -0.70000     5.05392     0.13629     0.12397     1.00446
     1.02000     1.00000    -0.70000     5.05392     0.14047     0.12771     1.00476
     1.03000     1.00000    -0.70000     5.05392     0.14550     0.13229     1.00510
     1.04000     1.00000    -0.70000     5.05392     0.15066     0.13693     1.00549
     1.05000     1.00000    -0.70000     5.05392     0.15591     0.14170     1.00591
     1.06000     1.00000    -0.70000     5.05392     0.16130     0.14656     1.00638
     1.07000     1.00000    -0.70000     5.05392     0.16667     0.15141     1.00676
     1.08000     1.00000    -0.70000     5.05392     0.17227     0.15647     1.00727
     1.09000     1.00000    -0.70000     5.05392     0.17766     0.16129     1.00775
     1.10000     1.00000    -0.70000     5.05392     0.18326     0.16630     1.00822
     1.20000     1.00000    -0.70000     5.05392     0.23622     0.21352     1.01352
     1.30000     1.00000    -0.70000     5.05392     0.28373     0.25617     1.01937
     1.40000     1.00000    -0.70000     5.05392     0.32584     0.29443     1.02555
     1.50000     1.00000    -0.70000     5.05392     0.36380     0.32941     1.03175
     1.60000     1.20000    -0.70000     5.05392     0.39809     0.36137     1.03792
     1.70000     1.90000    -0.70000     5.05392     0.42947     0.39077     1.04418
     1.80000     3.00000    -0.70000     5.05392     0.45798     0.41735     1.05001
     1.90000     4.00000    -0.70000     5.05392     0.48393     0.44171     1.05573
     2.00000     5.00000    -0.70000     5.05392     0.50804     0.46434     1.06146
     3.00000     9.00000    -0.70000     5.05392     0.68214     0.63471     1.10815
     4.00000     9.00000    -0.70000     5.05392     0.79602     0.74966     1.14493
     5.00000     9.00000    -0.70000     5.05392     0.87939     0.83325     1.17431
     1.00000     1.00000    -0.60000     5.05392     0.13734     0.12503     1.00334
     1.01000     1.00000    -0.60000     5.05392     0.14081     0.12812     1.00348
     1.02000     1.00000    -0.60000     5.05392     0.14543     0.13232     1.00374
     1.03000     1.00000    -0.60000     5.05392     0.15016     0.13658     1.00400
     1.04000     1.00000    -0.60000     5.05392     0.15527     0.14125     1.00430
     1.05000     1.00000    -0.60000     5.05392     0.16077     0.14620     1.00461
     1.06000     1.00000    -0.60000     5.05392     0.16629     0.15121     1.00495
     1.07000     1.00000    -0.60000     5.05392     0.17177     0.15612     1.00529
     1.08000     1.00000    -0.60000     5.05392     0.17705     0.16088     1.00565
     1.09000     1.00000    -0.60000     5.05392     0.18271     0.16595     1.00601
     1.10000     1.00000    -0.60000     5.05392     0.18822     0.17090     1.00639
     1.20000     1.00000    -0.60000     5.05392     0.24127     0.21830     1.01038
     1.30000     1.00000    -0.60000     5.05392     0.28870     0.26096     1.01476
     1.40000     1.00000    -0.60000     5.05392     0.33045     0.29908     1.01931
     1.50000     1.00000    -0.60000     5.05392     0.36763     0.33347     1.02380
     1.60000     1.40000    -0.60000     5.05392     0.40120     0.36495     1.02840
     1.70000     1.90000    -0.60000     5.05392     0.43138     0.39347     1.03277
     1.80000     3.00000    -0.60000     5.05392     0.45890     0.41938     1.03711
     1.90000     3.00000    -0.60000     5.05392     0.48364     0.44340     1.04127
     2.00000     4.00000    -0.60000     5.05392     0.50655     0.46514     1.04501
     3.00000     9.00000    -0.60000     5.05392     0.66654     0.62332     1.07704
     4.00000     9.00000    -0.60000     5.05392     0.76517     0.72614     1.10041
     5.00000     9.00000    -0.60000     5.05392     0.83402     0.79776     1.11826
     1.00000     1.00000    -0.50000     5.05392     0.14447     0.13154     1.00247
     1.01000     1.00000    -0.50000     5.05392     0.14744     0.13422     1.00261
     1.02000     1.00000    -0.50000     5.05392     0.15116     0.13752     1.00280
     1.03000     1.00000    -0.50000     5.05392     0.15611     0.14204     1.00299
     1.04000     1.00000    -0.50000     5.05392     0.16078     0.14626     1.00322
     1.05000     1.00000    -0.50000     5.05392     0.16639     0.15138     1.00342
     1.06000     1.00000    -0.50000     5.05392     0.17184     0.15629     1.00368
     1.07000     1.00000    -0.50000     5.05392     0.17732     0.16123     1.00392
     1.08000     1.00000    -0.50000     5.05392     0.18285     0.16628     1.00418
     1.09000     1.00000    -0.50000     5.05392     0.18847     0.17126     1.00445
     1.10000     1.00000    -0.50000     5.05392     0.19408     0.17634     1.00469
     1.20000     1.00000    -0.50000     5.05392     0.24747     0.22406     1.00757
     1.30000     1.00000    -0.50000     5.05392     0.29475     0.26665     1.01071
     1.40000     1.00000    -0.50000     5.05392     0.33637     0.30477     1.01390
     1.50000     1.00000    -0.50000     5.05392     0.37306     0.33890     1.01708
     1.60000     1.20000    -0.50000     5.05392     0.40585     0.36982     1.02021
     1.70000     1.70000    -0.50000     5.05392     0.43534     0.39786     1.02327
     1.80000     1.90000    -0.50000     5.05392     0.46189     0.42345     1.02622
     1.90000     3.00000    -0.50000     5.05392     0.48588     0.44647     1.02893
     2.00000     4.00000    -0.50000     5.05392     0.50804     0.46759     1.03165
     3.00000     8.00000    -0.50000     5.05392     0.65768     0.61818     1.05266
     4.00000     9.00000    -0.50000     5.05392     0.74540     0.71134     1.06726
     5.00000     9.00000    -0.50000     5.05392     0.80538     0.77559     1.07821
     1.00000     1.00000    -0.40000     5.05392     0.15271     0.13905     1.00175
     1.01000     1.00000    -0.40000     5.05392     0.15411     0.14033     1.00181
     1.02000     1.00000    -0.40000     5.05392     0.15814     0.14400     1.00194
     1.03000     1.00000    -0.40000     5.05392     0.16243     0.14784     1.00206
     1.04000     1.00000    -0.40000     5.05392     0.16756     0.15254     1.00219
     1.05000     1.00000    -0.40000     5.05392     0.17300     0.15744     1.00235
     1.06000     1.00000    -0.40000     5.05392     0.17827     0.16220     1.00256
     1.07000     1.00000    -0.40000     5.05392     0.18375     0.16718     1.00270
     1.08000     1.00000    -0.40000     5.05392     0.18964     0.17249     1.00286
     1.09000     1.00000    -0.40000     5.05392     0.19527     0.17756     1.00305
     1.10000     1.00000    -0.40000     5.05392     0.20055     0.18233     1.00319
     1.20000     1.00000    -0.40000     5.05392     0.25473     0.23085     1.00514
     1.30000     1.00000    -0.40000     5.05392     0.30205     0.27346     1.00721
     1.40000     1.00000    -0.40000     5.05392     0.34367     0.31166     1.00924
     1.50000     1.00000    -0.40000     5.05392     0.37984     0.34545     1.01132
     1.60000     1.10000    -0.40000     5.05392     0.41235     0.37624     1.01339
     1.70000     1.60000    -0.40000     5.05392     0.44125     0.40396     1.01528
     1.80000     2.00000    -0.40000     5.05392     0.46726     0.42909     1.01714
     1.90000     3.00000    -0.40000     5.05392     0.49058     0.45163     1.01898
     2.00000     3.00000    -0.40000     5.05392     0.51186     0.47280     1.02063
     3.00000     9.00000    -0.40000     5.05392     0.65399     0.61533     1.03355
     4.00000     9.00000    -0.40000     5.05392     0.73387     0.70298     1.04224
     5.00000     9.00000    -0.40000     5.05392     0.78735     0.76199     1.04843
     1.00000     1.00000    -0.30000     5.05392     0.16199     0.14760     1.00110
     1.01000     1.00000    -0.30000     5.05392     0.16264     0.14810     1.00112
     1.02000     1.00000    -0.30000     5.05392     0.16601     0.15115     1.00119
     1.03000     1.00000    -0.30000     5.05392     0.17042     0.15515     1.00127
     1.04000     1.00000    -0.30000     5.05392     0.17546     0.15972     1.00134
     1.05000     1.00000    -0.30000     5.05392     0.18055     0.16437     1.00143
     1.06000     1.00000    -0.30000     5.05392     0.18613     0.16946     1.00154
     1.07000     1.00000    -0.30000     5.05392     0.19184     0.17461     1.00163
     1.08000     1.00000    -0.30000     5.05392     0.19706     0.17932     1.00175
     1.09000     1.00000    -0.30000     5.05392     0.20308     0.18474     1.00183
     1.10000     1.00000    -0.30000     5.05392     0.20867     0.18976     1.00195
     1.20000     1.00000    -0.30000     5.05392     0.26307     0.23851     1.00309
     1.30000     1.00000    -0.30000     5.05392     0.31099     0.28179     1.00429
     1.40000     1.00000    -0.30000     5.05392     0.35239     0.31983     1.00547
     1.50000     1.00000    -0.30000     5.05392     0.38869     0.35374     1.00665
     1.60000     1.10000    -0.30000     5.05392     0.42072     0.38433     1.00780
     1.70000     1.30000    -0.30000     5.05392     0.44925     0.41178     1.00894
     1.80000     2.00000    -0.30000     5.05392     0.47490     0.43675     1.00996
     1.90000     3.00000    -0.30000     5.05392     0.49801     0.45914     1.01100
     2.00000     3.00000    -0.30000     5.05392     0.51842     0.47964     1.01193
     3.00000     8.00000    -0.30000     5.05392     0.65478     0.61817     1.01908
     4.00000     9.00000    -0.30000     5.05392     0.72878     0.69997     1.02363
     5.00000     9.00000    -0.30000     5.05392     0.77720     0.75462     1.02686
     1.00000     1.00000    -0.20000     5.05392     0.17378     0.15832     1.00052
     1.01000     1.00000    -0.20000     5.05392     0.17414     0.15864     1.00054
     1.02000     1.00000    -0.20000     5.05392     0.17591     0.16020     1.00058
     1.03000     1.00000    -0.20000     5.05392     0.18058     0.16444     1.00060
     1.04000     1.00000    -0.20000     5.05392     0.18488     0.16834     1.00066
     1.05000     1.00000    -0.20000     5.05392     0.19005     0.17302     1.00070
     1.06000     1.00000    -0.20000     5.05392     0.19564     0.17819     1.00074
     1.07000     1.00000    -0.20000     5.05392     0.20084     0.18284     1.00080
     1.08000     1.00000    -0.20000     5.05392     0.20637     0.18787     1.00085
     1.09000     1.00000    -0.20000     5.05392     0.21211     0.19301     1.00090
     1.10000     1.00000    -0.20000     5.05392     0.21794     0.19834     1.00094
     1.20000     1.00000    -0.20000     5.05392     0.27306     0.24775     1.00147
     1.30000     1.00000    -0.20000     5.05392     0.32180     0.29176     1.00201
     1.40000     1.00000    -0.20000     5.05392     0.36338     0.33000     1.00256
     1.50000     1.10000    -0.20000     5.05392     0.39965     0.36407     1.00312
     1.60000     1.00000    -0.20000     5.05392     0.43161     0.39445     1.00362
     1.70000     1.40000    -0.20000     5.05392     0.45994     0.42190     1.00412
     1.80000     1.90000    -0.20000     5.05392     0.48507     0.44649     1.00460
     1.90000     2.00000    -0.20000     5.05392     0.50791     0.46910     1.00505
     2.00000     3.00000    -0.20000     5.05392     0.52812     0.48908     1.00550
     3.00000     6.00000    -0.20000     5.05392     0.65981     0.62569     1.00862
     4.00000     9.00000    -0.20000     5.05392     0.73010     0.70216     1.01055
     5.00000     9.00000    -0.20000     5.05392     0.77488     0.75361     1.01193
     1.00000     1.10000    -0.10000     5.05392     0.19215     0.17499     1.00015
     1.01000     1.00000    -0.10000     5.05392     0.18737     0.17068     1.00016
     1.02000     1.00000    -0.10000     5.05392     0.18845     0.17169     1.00016
     1.03000     1.00000    -0.10000     5.05392     0.19188     0.17476     1.00017
     1.04000     1.00000    -0.10000     5.05392     0.19671     0.17922     1.00018
     1.05000     1.00000    -0.10000     5.05392     0.20166     0.18365     1.00019
     1.06000     1.00000    -0.10000     5.05392     0.20664     0.18822     1.00020
     1.07000     1.00000    -0.10000     5.05392     0.21214     0.19320     1.00022
     1.08000     1.00000    -0.10000     5.05392     0.21746     0.19801     1.00023
     1.09000     1.00000    -0.10000     5.05392     0.22348     0.20350     1.00024
     1.10000     1.00000    -0.10000     5.05392     0.22899     0.20850     1.00026
     1.20000     1.00000    -0.10000     5.05392     0.28507     0.25879     1.00040
     1.30000     1.00000    -0.10000     5.05392     0.33431     0.30327     1.00054
     1.40000     1.00000    -0.10000     5.05392     0.37665     0.34226     1.00066
     1.50000     1.00000    -0.10000     5.05392     0.41313     0.37647     1.00081
     1.60000     1.10000    -0.10000     5.05392     0.44517     0.40705     1.00094
     1.70000     1.40000    -0.10000     5.05392     0.47343     0.43452     1.00107
     1.80000     1.80000    -0.10000     5.05392     0.49850     0.45907     1.00121
     1.90000     2.00000    -0.10000     5.05392     0.52101     0.48141     1.00130
     2.00000     3.00000    -0.10000     5.05392     0.54081     0.50104     1.00142
     3.00000     5.00000    -0.10000     5.05392     0.66993     0.63649     1.00223
     4.00000     9.00000    -0.10000     5.05392     0.73664     0.70856     1.00266
     5.00000     9.00000    -0.10000     5.05392     0.77878     0.75798     1.00300
     1.00000     1.80000     0.00000     5.05392     0.21887     0.19939     1.00000
     1.01000     1.10000     0.00000     5.05392     0.20633     0.18792     1.00000
     1.02000     1.00000     0.00000     5.05392     0.20604     0.18769     1.00000
     1.03000     1.00000     0.00000     5.05392     0.20721     0.18872     1.00000
     1.04000     1.00000     0.00000     5.05392     0.21121     0.19244     1.00000
     1.05000     1.00000     0.00000     5.05392     0.21626     0.19694     1.00000
     1.06000     1.00000     0.00000     5.05392     0.22149     0.20174     1.00000
     1.07000     1.00000     0.00000     5.05392     0.22636     0.20620     1.00000
     1.08000     1.00000     0.00000     5.05392     0.23159     0.21100     1.00000
     1.09000     1.00000     0.00000     5.05392     0.23758     0.21642     1.00000
     1.10000     1.00000     0.00000     5.05392     0.24325     0.22152     1.00000
     1.20000     1.00000     0.00000     5.05392     0.30045     0.27285     1.00000
     1.30000     1.00000     0.00000     5.05392     0.35021     0.31782     1.00000
     1.40000     1.00000     0.00000     5.05392     0.39319     0.35729     1.00000
     1.50000     1.00000     0.00000     5.05392     0.42979     0.39174     1.00000
     1.60000     1.10000     0.00000     5.05392     0.46205     0.42263     1.00000
     1.70000     1.90000     0.00000     5.05392     0.49057     0.45017     1.00000
     1.80000     1.80000     0.00000     5.05392     0.51550     0.47474     1.00000
     1.90000     2.00000     0.00000     5.05392     0.53803     0.49719     1.00000
     2.00000     3.00000     0.00000     5.05392     0.55806     0.51701     1.00000
     3.00000     5.00000     0.00000     5.05392     0.68443     0.65022     1.00000
     4.00000     7.00000     0.00000     5.05392     0.74927     0.72218     1.00000
     5.00000     9.00000     0.00000     5.05392     0.78933     0.76804     1.00000
     1.00000     1.80000     0.10000     5.05392     0.27321     0.24931     1.00042
     1.01000     1.30000     0.10000     5.05392     0.23936     0.21818     1.00031
     1.02000     1.00000     0.10000     5.05392     0.23016     0.20976     1.00029
     1.03000     1.10000     0.10000     5.05392     0.23068     0.21017     1.00029
     1.04000     1.00000     0.10000     5.05392     0.23242     0.21176     1.00030
     1.05000     1.00000     0.10000     5.05392     0.23467     0.21393     1.00028
     1.06000     1.00000     0.10000     5.05392     0.23998     0.21860     1.00029
     1.07000     1.00000     0.10000     5.05392     0.24501     0.22317     1.00032
     1.08000     1.00000     0.10000     5.05392     0.25025     0.22800     1.00032
     1.09000     1.00000     0.10000     5.05392     0.25561     0.23285     1.00033
     1.10000     1.00000     0.10000     5.05392     0.26090     0.23771     1.00035
     1.20000     1.00000     0.10000     5.05392     0.31828     0.28932     1.00051
     1.30000     1.00000     0.10000     5.05392     0.37001     0.33588     1.00072
     1.40000     1.00000     0.10000     5.05392     0.41371     0.37611     1.00091
     1.50000     1.10000     0.10000     5.05392     0.45115     0.41125     1.00106
     1.60000     1.20000     0.10000     5.05392     0.48374     0.44237     1.00123
     1.70000     1.70000     0.10000     5.05392     0.51238     0.47015     1.00135
     1.80000     1.60000     0.10000     5.05392     0.53766     0.49502     1.00150
     1.90000     2.00000     0.10000     5.05392     0.56005     0.51734     1.00162
     2.00000     3.00000     0.10000     5.05392     0.58029     0.53742     1.00173
     3.00000     5.00000     0.10000     5.05392     0.70543     0.66963     1.00253
     4.00000     6.00000     0.10000     5.05392     0.76846     0.74059     1.00300
     5.00000     8.00000     0.10000     5.05392     0.80720     0.78488     1.00331
     1.00000     8.00000     0.20000     5.05392     1.98755     1.93114     1.07564
     1.01000     1.90000     0.20000     5.05392     0.29613     0.27028     1.00184
     1.02000     1.40000     0.20000     5.05392     0.27499     0.25073     1.00156
     1.03000     1.30000     0.20000     5.05392     0.26538     0.24180     1.00148
     1.04000     1.20000     0.20000     5.05392     0.26273     0.23937     1.00143
     1.05000     1.00000     0.20000     5.05392     0.26336     0.23991     1.00140
     1.06000     1.00000     0.20000     5.05392     0.26615     0.24249     1.00145
     1.07000     1.00000     0.20000     5.05392     0.27064     0.24653     1.00148
     1.08000     1.00000     0.20000     5.05392     0.27547     0.25097     1.00155
     1.09000     1.00000     0.20000     5.05392     0.27974     0.25485     1.00157
     1.10000     1.00000     0.20000     5.05392     0.28501     0.25970     1.00162
     1.20000     1.00000     0.20000     5.05392     0.34219     0.31121     1.00234
     1.30000     1.00000     0.20000     5.05392     0.39543     0.35909     1.00319
     1.40000     1.00000     0.20000     5.05392     0.43978     0.39983     1.00393
     1.50000     1.00000     0.20000     5.05392     0.47814     0.43571     1.00469
     1.60000     1.10000     0.20000     5.05392     0.51142     0.46747     1.00534
     1.70000     1.40000     0.20000     5.05392     0.54054     0.49572     1.00598
     1.80000     1.80000     0.20000     5.05392     0.56606     0.52079     1.00650
     1.90000     1.80000     0.20000     5.05392     0.58883     0.54356     1.00702
     2.00000     2.00000     0.20000     5.05392     0.60925     0.56397     1.00752
     3.00000     5.00000     0.20000     5.05392     0.73411     0.69553     1.01081
     4.00000     6.00000     0.20000     5.05392     0.79606     0.76560     1.01266
     5.00000     8.00000     0.20000     5.05392     0.83402     0.80889     1.01395
     1.00000     8.00000     0.30000     5.05392     3.62407     3.54356     1.47663
     1.01000     9.00000     0.30000     5.05392     1.36979     1.31816     1.08102
     1.02000     4.00000     0.30000     5.05392     0.38180     0.34762     1.00644
     1.03000     1.70000     0.30000     5.05392     0.34309     0.31314     1.00523
     1.04000     1.30000     0.30000     5.05392     0.31768     0.28961     1.00456
     1.05000     1.50000     0.30000     5.05392     0.31123     0.28346     1.00439
     1.06000     1.20000     0.30000     5.05392     0.30912     0.28164     1.00435
     1.07000     1.00000     0.30000     5.05392     0.30968     0.28220     1.00437
     1.08000     1.00000     0.30000     5.05392     0.31211     0.28444     1.00443
     1.09000     1.00000     0.30000     5.05392     0.31621     0.28797     1.00453
     1.10000     1.00000     0.30000     5.05392     0.32100     0.29245     1.00466
     1.20000     1.00000     0.30000     5.05392     0.37527     0.34141     1.00636
     1.30000     1.00000     0.30000     5.05392     0.42824     0.38927     1.00830
     1.40000     1.00000     0.30000     5.05392     0.47459     0.43160     1.01020
     1.50000     1.00000     0.30000     5.05392     0.51423     0.46837     1.01199
     1.60000     1.20000     0.30000     5.05392     0.54790     0.50051     1.01359
     1.70000     1.30000     0.30000     5.05392     0.57783     0.52937     1.01508
     1.80000     2.00000     0.30000     5.05392     0.60361     0.55476     1.01640
     1.90000     1.90000     0.30000     5.05392     0.62691     0.57786     1.01768
     2.00000     1.90000     0.30000     5.05392     0.64750     0.59853     1.01886
     3.00000     5.00000     0.30000     5.05392     0.77324     0.73083     1.02670
     4.00000     6.00000     0.30000     5.05392     0.83458     0.80010     1.03095
     5.00000     7.00000     0.30000     5.05392     0.87188     0.84340     1.03374
     1.00000     9.00000     0.40000     5.05392     3.93595     3.86075     1.86339
     1.01000     9.00000     0.40000     5.05392     3.73909     3.65717     1.80046
     1.02000     9.00000     0.40000     5.05392     3.13366     3.05160     1.60080
     1.03000     9.00000     0.40000     5.05392     1.06799     1.01949     1.08738
     1.04000     8.00000     0.40000     5.05392     0.54776     0.49974     1.02357
     1.05000     1.80000     0.40000     5.05392     0.45291     0.41629     1.01622
     1.06000     1.40000     0.40000     5.05392     0.39586     0.36078     1.01235
     1.07000     1.40000     0.40000     5.05392     0.38737     0.35290     1.01193
     1.08000     1.30000     0.40000     5.05392     0.37786     0.34438     1.01132
     1.09000     1.10000     0.40000     5.05392     0.37725     0.34375     1.01127
     1.10000     1.20000     0.40000     5.05392     0.37918     0.34539     1.01142
     1.20000     1.00000     0.40000     5.05392     0.42344     0.38537     1.01430
     1.30000     1.00000     0.40000     5.05392     0.47582     0.43257     1.01798
     1.40000     1.00000     0.40000     5.05392     0.52333     0.47586     1.02184
     1.50000     1.10000     0.40000     5.05392     0.56353     0.51327     1.02527
     1.60000     1.30000     0.40000     5.05392     0.59843     0.54637     1.02844
     1.70000     1.80000     0.40000     5.05392     0.62904     0.57576     1.03136
     1.80000     2.00000     0.40000     5.05392     0.65575     0.60177     1.03407
     1.90000     1.80000     0.40000     5.05392     0.67931     0.62514     1.03648
     2.00000     2.00000     0.40000     5.05392     0.70038     0.64616     1.03877
     3.00000     5.00000     0.40000     5.05392     0.82799     0.77957     1.05365
     4.00000     5.00000     0.40000     5.05392     0.88937     0.84938     1.06165
     5.00000     6.00000     0.40000     5.05392     0.92602     0.89188     1.06664
     1.00000     9.00000     0.50000     5.05392     4.22546     4.16261     2.33487
     1.01000     9.00000     0.50000     5.05392     4.00320     3.93134     2.23593
     1.02000     9.00000     0.50000     5.05392     3.87716     3.80116     2.18131
     1.03000     9.00000     0.50000     5.05392     3.55474     3.47070     2.03995
     1.04000     9.00000     0.50000     5.05392     3.13702     3.04851     1.85733
     1.05000     9.00000     0.50000     5.05392     2.26677     2.19314     1.51003
     1.06000     9.00000     0.50000     5.05392     1.09247     1.03072     1.13847
     1.07000     8.00000     0.50000     5.05392     0.69525     0.63699     1.05833
     1.08000     6.00000     0.50000     5.05392     0.60271     0.55088     1.04412
     1.09000     3.00000     0.50000     5.05392     0.54179     0.49579     1.03580
     1.10000     1.70000     0.50000     5.05392     0.51981     0.47570     1.03295
     1.20000     1.20000     0.50000     5.05392     0.50406     0.45912     1.03114
     1.30000     1.00000     0.50000     5.05392     0.55159     0.50166     1.03742
     1.40000     1.20000     0.50000     5.05392     0.59667     0.54289     1.04368
     1.50000     1.70000     0.50000     5.05392     0.63747     0.58099     1.04975
     1.60000     1.60000     0.50000     5.05392     0.67276     0.61389     1.05520
     1.70000     2.00000     0.50000     5.05392     0.70395     0.64370     1.06031
     1.80000     1.80000     0.50000     5.05392     0.73120     0.66998     1.06498
     1.90000     1.90000     0.50000     5.05392     0.75582     0.69392     1.06931
     2.00000     3.00000     0.50000     5.05392     0.77731     0.71548     1.07319
     3.00000     4.00000     0.50000     5.05392     0.90667     0.85027     1.09814
     4.00000     5.00000     0.50000     5.05392     0.96873     0.91947     1.11139
     5.00000     6.00000     0.50000     5.05392     1.00575     0.96209     1.11953
     1.00000     9.00000     0.60000     5.05392     4.36545     4.31486     2.80221
     1.01000     8.00000     0.60000     5.05392     4.27776     4.22213     2.75312
     1.02000     8.00000     0.60000     5.05392     4.14178     4.07831     2.67707
     1.03000     9.00000     0.60000     5.05392     3.95961     3.88918     2.57790
     1.04000     9.00000     0.60000     5.05392     3.87312     3.79635     2.52897
     1.05000     8.00000     0.60000     5.05392     3.59575     3.51339     2.37727
     1.06000     9.00000     0.60000     5.05392     3.41164     3.32416     2.27523
     1.07000     9.00000     0.60000     5.05392     2.87751     2.78453     1.99335
     1.08000     9.00000     0.60000     5.05392     2.52520     2.43071     1.81332
     1.09000     9.00000     0.60000     5.05392     1.85600     1.76936     1.49501
     1.10000     9.00000     0.60000     5.05392     1.32172     1.24153     1.27482
     1.20000     2.00000     0.60000     5.05392     0.70507     0.64549     1.08516
     1.30000     2.00000     0.60000     5.05392     0.69309     0.63210     1.08290
     1.40000     1.60000     0.60000     5.05392     0.72607     0.66143     1.09074
     1.50000     1.30000     0.60000     5.05392     0.76066     0.69332     1.09919
     1.60000     2.00000     0.60000     5.05392     0.79475     0.72539     1.10786
     1.70000     1.90000     0.60000     5.05392     0.82609     0.75482     1.11624
     1.80000     3.00000     0.60000     5.05392     0.85303     0.78085     1.12344
     1.90000     3.00000     0.60000     5.05392     0.87722     0.80453     1.13022
     2.00000     3.00000     0.60000     5.05392     0.89938     0.82604     1.13655
     3.00000     4.00000     0.60000     5.05392     1.03061     0.96102     1.17600
     4.00000     6.00000     0.60000     5.05392     1.09280     1.02938     1.19604
     5.00000     6.00000     0.60000     5.05392     1.13000     1.07197     1.20843
     1.00000     7.00000     0.70000     5.05392     4.56305     4.52399     3.34580
     1.01000     9.00000     0.70000     5.05392     4.49487     4.45073     3.30113
     1.02000     9.00000     0.70000     5.05392     4.41806     4.36981     3.24953
     1.03000     9.00000     0.70000     5.05392     4.31397     4.26056     3.17839
     1.04000     9.00000     0.70000     5.05392     4.21170     4.15400     3.11028
     1.05000     9.00000     0.70000     5.05392     4.08226     4.01864     3.02655
     1.06000     8.00000     0.70000     5.05392     4.03235     3.96499     2.99371
     1.07000     9.00000     0.70000     5.05392     3.86765     3.79384     2.88577
     1.08000     8.00000     0.70000     5.05392     3.75459     3.67539     2.80909
     1.09000     9.00000     0.70000     5.05392     3.50123     3.41656     2.64579
     1.10000     9.00000     0.70000     5.05392     3.37380     3.28489     2.56185
     1.20000     7.00000     0.70000     5.05392     1.46110     1.36941     1.42898
     1.30000     5.00000     0.70000     5.05392     1.10999     1.02385     1.26534
     1.40000     3.00000     0.70000     5.05392     1.03805     0.95233     1.23525
     1.50000     3.00000     0.70000     5.05392     1.02632     0.94041     1.23047
     1.60000     3.00000     0.70000     5.05392     1.04087     0.95395     1.23682
     1.70000     3.00000     0.70000     5.05392     1.05967     0.97150     1.24478
     1.80000     3.00000     0.70000     5.05392     1.08219     0.99255     1.25417
     1.90000     4.00000     0.70000     5.05392     1.10375     1.01349     1.26348
     2.00000     4.00000     0.70000     5.05392     1.12172     1.03095     1.27125
     3.00000     5.00000     0.70000     5.05392     1.24738     1.15771     1.32752
     4.00000     7.00000     0.70000     5.05392     1.30952     1.22454     1.35674
     5.00000     7.00000     0.70000     5.05392     1.34463     1.26440     1.37352
     1.00000     7.00000     0.80000     5.05392     4.72857     4.70165     3.91133
     1.01000     7.00000     0.80000     5.05392     4.67279     4.64312     3.87017
     1.02000     9.00000     0.80000     5.05392     4.58903     4.55578     3.80193
     1.03000     9.00000     0.80000     5.05392     4.56378     4.52703     3.78377
     1.04000     9.00000     0.80000     5.05392     4.52016     4.47980     3.74946
     1.05000     9.00000     0.80000     5.05392     4.44197     4.39833     3.69133
     1.06000     8.00000     0.80000     5.05392     4.37348     4.32697     3.63747
     1.07000     9.00000     0.80000     5.05392     4.30409     4.25328     3.58347
     1.08000     9.00000     0.80000     5.05392     4.19732     4.14302     3.50134
     1.09000     9.00000     0.80000     5.05392     4.19814     4.14115     3.50344
     1.10000     8.00000     0.80000     5.05392     4.07699     4.01759     3.40967
     1.20000     8.00000     0.80000     5.05392     3.15178     3.05732     2.70991
     1.30000     9.00000     0.80000     5.05392     2.31978     2.21104     2.10464
     1.40000     9.00000     0.80000     5.05392     1.97735     1.86374     1.86929
     1.50000     8.00000     0.80000     5.05392     1.78291     1.67042     1.74090
     1.60000     6.00000     0.80000     5.05392     1.68688     1.57506     1.67841
     1.70000     6.00000     0.80000     5.05392     1.64762     1.53522     1.65314
     1.80000     5.00000     0.80000     5.05392     1.63516     1.52126     1.64532
     1.90000     7.00000     0.80000     5.05392     1.62465     1.51255     1.63857
     2.00000     6.00000     0.80000     5.05392     1.62852     1.51492     1.64167
     3.00000     8.00000     0.80000     5.05392     1.69263     1.57891     1.68250
     4.00000     9.00000     0.80000     5.05392     1.74336     1.63178     1.71566
     5.00000     9.00000     0.80000     5.05392     1.77515     1.66627     1.73691
     1.00000     7.00000     0.90000     5.05392     4.89092     4.87783     4.51387
     1.01000     8.00000     0.90000     5.05392     4.88554     4.87030     4.50849
     1.02000     7.00000     0.90000     5.05392     4.83577     4.81899     4.46324
     1.03000     9.00000     0.90000     5.05392     4.83024     4.81109     4.45885
     1.04000     8.00000     0.90000     5.05392     4.79794     4.77794     4.43185
     1.05000     8.00000     0.90000     5.05392     4.74162     4.71970     4.38281
     1.06000     9.00000     0.90000     5.05392     4.67880     4.65519     4.32908
     1.07000     8.00000     0.90000     5.05392     4.72225     4.69716     4.36440
     1.08000     9.00000     0.90000     5.05392     4.67104     4.64407     4.32062
     1.09000     9.00000     0.90000     5.05392     4.57874     4.54923     4.23820
     1.10000     9.00000     0.90000     5.05392     4.57940     4.54828     4.24033
     1.20000     9.00000     0.90000     5.05392     4.10264     4.05331     3.82341
     1.30000     9.00000     0.90000     5.05392     3.75036     3.68438     3.51907
     1.40000     8.00000     0.90000     5.05392     3.46966     3.39020     3.27547
     1.50000     9.00000     0.90000     5.05392     3.21418     3.12623     3.05873
     1.60000     9.00000     0.90000     5.05392     3.08806     2.99266     2.95102
     1.70000     9.00000     0.90000     5.05392     2.95979     2.86171     2.84293
     1.80000     9.00000     0.90000     5.05392     2.86608     2.76600     2.76388
     1.90000     9.00000     0.90000     5.05392     2.80832     2.70698     2.71593
     2.00000     9.00000     0.90000     5.05392     2.80194     2.69789     2.71140
     3.00000     9.00000     0.90000     5.05392     2.70821     2.59902     2.63359
     4.00000     9.00000     0.90000     5.05392     2.73090     2.62003     2.65247
     5.00000     9.00000     0.90000     5.05392     2.76132     2.64965     2.67815
